0	slimie	slime	2	2	2	2	55	12	1	1	5	5	0	0	0	0	0	0	1	10	1	7	20	100	10	1	19	0	0	0	0	0	0	3	3	3	3	3	3	3	3
1	orc	small_humanoid	3	3	1	3	235	10	4	1	6	6	0	0	1	0	0	0	1	20	2	1	20	100	10	1	19	0	0	0	0	0	0	13	11	10	10	1	1	1	1
2	kobold	small_humanoid	3	6	3	4	415	8	3	1	7	7	0	0	1	0	0	0	1	15	1	1	20	100	10	1	19	0	0	0	0	0	0	13	11	10	10	1	1	1	1
3	skeleton	skeleton	2	5	4	4	230	10	5	1	7	7	0	0	40	0	0	0	1	10	2	8	20	100	10	1	19	0	0	0	0	0	0	10	11	12	13	10	11	12	13
4	Lv1_thief	scruffy_man	2	3	3	8	380	10	9	1	5	9	0	0	1	0	0	0	1	20	1	4	20	100	10	1	19	0	0	0	0	0	0	11	11	10	10	1	1	1	1
5	Lv1_fighter	man_in_chain	2	3	4	15	620	8	16	1	10	4	0	0	1	0	0	0	1	20	7	1	20	100	10	1	19	0	0	0	0	0	0	11	11	11	11	10	10	10	10
6	Lv2_ninja	man_in_kimono	2	7	5	9	840	6	6	2	12	12	8	0	1	0	0	0	2	20	7	1	20	100	10	1	19	0	0	0	0	0	0	20	11	11	10	10	1	1	1
7	zombie	weird_humanoid	2	5	2	9	520	4	6	1	8	8	20	0	0	0	0	0	2	20	8	9	20	100	10	1	19	0	0	0	0	0	0	23	11	10	13	11	10	13	11
8	smelly_cat	animal	2	5	3	9	550	6	4	1	7	9	80	0	0	0	0	0	2	24	0	7	20	100	10	1	19	0	0	0	0	0	0	23	10	13	10	13	10	13	10
9	magic_cloud	cloud	2	6	2	6	350	10	4	1	6	10	20	0	0	0	0	0	2	15	0	10	20	100	10	1	19	0	0	0	0	0	0	20	85	81	82	84	10	1	1
10	Lv1_mage	man_in_robes	1	0	2	3	475	4	4	1	5	8	0	0	1	0	0	0	1	20	6	2	60	200	20	1	19	10	30	49	0	0	0	10	82	84	81	82	84	1	1
11	Lv1_priest	priest	2	2	1	7	515	5	8	1	8	8	0	0	1	0	0	0	1	25	4	3	60	200	20	1	19	10	30	49	0	0	0	10	12	13	a0	a0	a0	1	1
12	coffee_beans	dots	9	0	1	0	920	4	1	1	5	5	0	0	0	0	0	0	1	100	12	10	60	200	20	1	19	10	30	49	0	0	0	2	2	3	3	3	3	3	3
13	Lv1_ninja	kimonoed_man	2	6	4	6	600	5	6	2	11	11	8	0	1	0	0	0	1	20	13	1	60	200	20	1	19	10	30	49	0	0	0	20	11	10	11	10	11	1	1
14	vorpal_bunny	rabbit	4	4	5	15	735	6	7	2	6	12	8	0	0	0	0	0	2	20	15	7	60	200	20	1	19	10	30	49	0	0	0	23	23	10	10	10	10	1	1
15	viper	snake	3	6	4	12	520	8	10	1	9	9	80	0	0	0	0	0	3	20	17	7	60	200	20	1	19	10	30	49	0	0	0	23	23	10	10	13	13	1	1
16	dark_hobbit	small_humanoid	6	2	4	16	795	7	6	3	9	9	80	0	0	0	0	0	3	20	17	7	60	200	20	1	19	10	30	49	0	0	0	21	21	10	10	10	10	1	1
17	moon_phantom	unseen_entity	4	4	4	20	780	8	8	2	9	9	0	0	0	0	0	0	4	25	14	9	60	200	20	1	19	10	30	49	0	0	0	10	11	12	13	10	11	1	1
18	Lv3_priest	priest	5	2	4	21	990	4	10	1	9	9	80	0	1	0	0	0	3	30	11	3	60	200	20	1	19	10	30	49	0	0	0	23	23	10	10	10	10	1	1
19	Lv3_samurai	kimonoed_man	4	4	7	15	795	5	17	1	11	7	0	0	0	0	0	0	3	20	12	1	60	200	20	1	19	10	30	49	0	0	0	20	11	10	11	82	81	1	1
20	Lv3_ninja	kimonoed_man	4	5	3	21	1360	3	10	2	13	13	88	0	0	0	0	0	3	20	13	1	80	300	30	1	19	15	30	49	0	0	0	21	21	10	10	10	10	10	10
21	werebear	bear	4	4	5	35	1320	6	9	2	10	9	a0	0	0	1	0	0	4	30	14	7	80	300	30	1	19	15	30	49	0	0	0	23	23	10	10	10	10	1	1
22	mini_dragon	dragon	2	2	2	14	1275	4	7	2	9	9	0	0	1	0	20	0	4	0	0	6	80	300	30	1	19	15	30	49	0	0	0	20	13	10	13	10	3	3	3
23	rotting_corpse	weird_humanoid	1	4	2	14	680	6	6	2	9	9	20	0	40	0	0	0	3	10	34	8	80	300	30	1	19	15	30	49	0	0	0	22	22	10	13	10	13	10	13
24	ogre	ogre	1	7	5	28	960	5	6	2	9	9	0	0	1	0	0	0	4	20	14	1	80	300	30	1	19	15	30	49	0	0	0	20	13	10	13	10	13	1	1
25	huge_spider	insect	1	7	4	14	600	6	6	1	10	9	80	0	1	0	0	0	3	10	27	11	80	300	30	1	19	15	30	49	0	0	0	23	23	10	10	10	10	10	10
26	troll	strange_animal	1	3	4	21	755	6	8	1	9	9	0	0	1	0	0	0	4	50	17	7	80	300	30	1	19	15	30	49	0	0	0	20	13	10	13	10	13	10	13
27	iron_beetle	insect	1	7	5	35	1120	3	10	2	11	9	0	0	0	0	0	0	4	20	25	11	80	300	30	1	19	15	30	49	0	0	0	20	20	10	10	10	10	10	10
28	gas_dragon	dragon	1	3	5	35	2075	3	13	2	12	9	0	0	0	0	0	0	5	40	22	6	80	300	30	1	19	15	30	49	0	0	0	13	20	10	82	81	3	3	10
29	priestess	priest	1	5	4	21	870	4	8	1	9	9	0	0	1	0	0	0	5	60	28	3	80	300	30	1	19	15	30	49	0	0	0	20	20	10	10	1	1	a5	a6
30	Lv4_fighter	man_in_armor	1	5	3	27	960	3	14	1	11	11	0	0	1	0	0	0	4	35	32	1	200	600	40	1	19	20	30	49	0	0	0	20	11	10	11	10	11	10	11
31	piggy	animal	1	7	4	14	600	6	6	1	11	11	80	0	1	0	0	0	5	10	36	7	200	600	40	1	19	20	30	49	0	0	0	23	23	10	10	10	10	10	10
32	small_giant	giant	1	5	4	28	1120	1	6	1	11	11	0	0	1	0	0	0	5	20	22	12	200	600	40	1	19	20	30	49	0	0	0	13	20	13	10	13	10	1	1
33	gargoyle	gargoyle	1	5	8	28	2435	5	13	2	11	11	0	0	0	0	50	0	5	0	0	10	200	600	40	1	19	20	30	49	0	0	0	20	13	10	13	10	13	10	13
34	grave_mist	unseen_entity	1	5	4	28	1080	4	8	2	11	11	20	0	40	0	0	0	5	20	37	8	200	600	40	1	19	20	30	49	0	0	0	22	22	10	11	13	10	11	13
35	dragon_puppy	animal	1	5	5	45	2280	4	10	1	11	11	0	0	0	0	0	0	6	10	26	6	200	600	40	1	19	20	30	49	0	0	0	20	13	10	13	3	3	3	10
36	wereeagle	were	1	5	7	28	975	5	8	2	12	12	0	0	0	0	0	0	5	25	26	7	200	600	40	1	19	20	30	49	0	0	0	20	13	10	13	10	13	10	10
37	shade	unseen_entity	1	5	6	21	875	7	4	1	11	11	1	0	40	0	0	0	6	20	23	8	200	600	40	1	19	20	30	49	0	0	0	22	22	13	10	13	10	13	10
38	Lv3_bishop	priest	1	5	4	28	1135	4	5	2	11	11	0	0	1	0	0	0	3	10	39	3	200	600	40	1	19	20	30	49	0	0	0	20	20	10	a0	a0	84	82	81
39	Lv4_samurai	man_in_armor	1	5	4	36	1200	2	6	2	11	11	0	0	1	0	0	0	4	20	38	1	200	600	40	1	19	20	30	49	0	0	0	20	11	10	11	10	11	10	11
40	elven_mage	man_in_robes	1	5	5	15	1800	10	4	1	12	12	0	0	1	0	0	0	6	20	41	2	500	800	50	1	19	30	30	49	10	60	80	20	20	10	10	88	89	88	89
41	Lv4_thief	man_in_leather	1	5	7	28	740	10	9	2	12	12	0	0	0	0	0	0	4	20	38	4	500	800	50	1	19	30	30	49	10	60	80	20	11	10	11	10	11	10	11
42	hill_giant	giant	1	5	6	42	4300	0	8	2	12	12	0	0	0	0	0	0	5	15	35	12	500	800	50	1	19	30	30	49	10	60	80	20	13	10	13	10	13	10	13
43	spirit	unseen_entity	1	5	9	14	1400	2	4	1	12	12	80	0	0	1	25	0	6	20	33	9	500	800	50	1	19	30	30	49	10	60	80	22	22	13	13	10	88	89	10
44	giant_spider	insect	1	5	8	28	960	4	8	1	12	12	80	0	0	0	0	0	5	20	25	11	500	800	50	1	19	30	30	49	10	60	80	23	23	10	10	10	10	10	10
45	weretiger	animal	1	5	5	35	1405	4	13	2	12	12	80	0	1	1	0	0	6	20	36	7	500	800	50	1	19	30	30	49	10	60	80	20	20	13	13	13	13	13	13
46	stone_golem	giant	1	5	10	50	3800	6	3	1	12	12	40	0	0	0	0	0	6	20	43	12	500	800	50	1	19	30	30	49	10	60	80	23	23	12	10	12	10	12	10
47	Lv5_priest	priest	1	5	5	25	1220	4	4	2	12	12	0	0	0	0	0	0	5	20	48	3	500	800	50	1	19	30	30	49	10	60	80	20	20	10	a5	a6	a5	a6	10
48	Lv6_ninja	man_in_black	1	5	6	54	1520	6	9	2	12	12	0	0	0	0	0	0	6	20	50	1	500	800	50	1	19	30	30	49	10	60	80	10	11	10	11	10	11	10	11
49	Lv7_mage	man_in_robes	1	5	7	21	1000	8	4	1	12	12	0	0	1	0	0	0	7	20	48	2	500	800	50	1	19	30	30	49	10	60	80	20	8a	8d	8c	8d	8c	8a	88
50	master_thief	man_in_leather	1	5	4	20	960	4	6	4	12	12	0	0	1	0	0	0	8	10	47	4	500	800	100	1	19	50	30	49	20	60	80	20	11	10	11	10	11	1	1
51	Lv6_samurai	man_in_armor	1	5	7	77	2340	0	7	2	12	12	0	0	0	0	20	0	6	50	47	1	500	800	100	1	19	50	30	49	20	60	80	20	11	10	11	10	11	10	11
52	high_priest	priest	1	5	8	56	2160	3	5	2	12	12	0	0	0	0	0	0	8	20	53	3	500	800	100	1	19	50	30	49	20	60	80	20	20	10	10	10	10	10	10
53	Lv8_samurai	man_in_armor	1	5	10	90	2395	2	7	2	12	12	0	0	0	0	0	0	8	25	52	1	500	800	100	1	19	50	30	49	20	60	80	20	11	10	11	10	11	82	81
54	arch_mage	man_in_robes	1	5	10	24	790	9	4	1	12	12	0	0	0	0	0	0	9	30	53	2	500	800	100	1	19	50	30	49	20	60	80	20	20	82	81	86	85	86	85
55	hobbit_thief	small_humanoid	1	5	6	30	1140	3	8	4	13	13	0	0	0	0	0	0	7	25	54	4	500	800	100	1	19	50	30	49	20	60	80	20	11	10	11	10	11	1	1
56	high_elf	man_in_robes	1	4	4	28	8800	-1	2	1	13	13	28	0	0	0	0	0	7	20	56	1	500	800	100	1	19	50	30	49	20	60	80	21	21	10	10	10	10	1	1
57	guru	man_in_robes	1	4	8	56	1790	4	6	2	13	13	0	0	0	1	0	0	7	10	58	3	500	800	100	1	19	50	30	49	20	60	80	20	13	10	13	10	13	88	89
58	michael	skinny_figure	1	2	12	42	3400	4	6	4	13	13	0	0	0	3	0	0	7	5	58	1	500	800	100	1	19	50	30	49	20	60	80	20	11	12	13	10	11	12	13
59	werewolf	were	1	0	8	35	2240	3	4	1	13	13	2	0	0	0	20	0	7	50	59	7	500	800	100	1	19	50	30	49	20	60	80	22	22	10	13	a6	a5	88	89
60	nightstalker	unseen_entity	2	4	8	35	1600	4	6	1	13	13	1	0	40	0	25	0	7	23	57	8	800	1200	75	30	49	25	60	80	10	90	115	22	22	10	13	10	13	10	13
61	wyvern	dragon	1	5	14	49	6300	3	11	2	13	13	80	0	0	0	0	0	7	20	43	6	800	1200	75	30	49	25	60	80	10	90	115	23	23	10	10	10	3	3	3
62	Lv8_priest	priest	1	4	7	49	1720	3	8	1	13	13	0	0	0	0	0	0	8	20	61	3	800	1200	75	30	49	25	60	80	10	90	115	20	20	ac	ac	ac	ac	ac	ac
63	Lv10_fighter	man_in_armor	1	5	7	63	1900	0	12	2	13	13	0	0	0	0	0	0	10	10	63	1	800	1200	75	30	49	25	60	80	10	90	115	20	11	10	11	10	11	10	11
64	Lv7_mage	man_in_robes	1	5	7	21	2480	8	4	1	13	13	0	0	0	0	0	0	7	30	61	2	800	1200	75	30	49	25	60	80	10	90	115	20	20	90	8f	8e	90	8f	8e
65	Lv7_thief	man_in_leather	1	4	7	34	1220	4	8	4	13	13	0	0	0	0	0	0	7	20	62	4	800	1200	75	30	49	25	60	80	10	90	115	20	11	10	11	10	11	1	1
66	Lv8_ninja	monk	1	2	8	24	2000	4	9	2	13	13	8	0	0	0	0	0	8	20	60	1	800	1200	75	30	49	25	60	80	10	90	115	21	21	10	10	10	10	10	10
67	earth_giant	giant	1	4	41	0	20675	9	16	2	13	13	0	0	0	0	85	0	7	0	0	12	800	1200	75	30	49	25	60	80	10	90	115	20	11	12	13	10	11	12	13
68	lesser_demon	demon	1	0	10	70	5100	4	10	4	13	13	0	0	0	0	60	0	7	80	66	13	800	1200	75	30	49	25	60	80	10	90	115	20	11	12	13	88	89	88	89
69	chimera	strange_animal	1	3	9	45	3515	2	17	2	13	13	0	0	0	0	0	0	7	20	54	7	800	1200	75	30	49	25	60	80	10	90	115	20	12	13	13	12	10	3	3
70	fire_giant	giant	1	3	15	77	3200	3	10	3	14	14	0	0	0	0	0	0	10	10	68	12	1200	1600	100	30	49	50	60	80	15	90	115	20	11	12	13	10	11	12	13
71	sky_dragon	dragon	1	2	8	56	5600	2	6	2	14	14	0	0	0	0	0	0	10	50	69	6	1200	1600	100	30	49	50	60	80	15	90	115	20	13	10	13	10	3	3	3
72	Lv8_bishop	priest	1	5	8	56	2060	2	6	2	14	14	0	0	0	0	0	0	8	20	71	3	1200	1600	100	30	49	50	60	80	15	90	115	20	20	10	10	2c	2c	89	88
73	Lv8_fighter	man_in_armor	1	5	8	72	2140	-1	14	2	14	14	0	0	0	0	0	0	8	20	73	1	1200	1600	100	30	49	50	60	80	15	90	115	20	11	10	11	10	11	10	11
74	Lv10_mage	man_in_robes	1	5	10	30	2800	10	4	1	14	14	0	0	0	0	0	0	10	30	71	2	1200	1600	100	30	49	50	60	80	15	90	115	20	20	10	8f	8e	90	8f	8e
75	caspian_wind	man_with_blade	1	3	9	45	6400	4	11	5	14	14	0	0	0	0	0	0	10	20	71	4	1200	1600	100	30	49	50	60	80	15	90	115	20	11	10	11	10	11	1	1
76	hobbit_ninja	child	1	4	10	30	1280	3	13	3	14	14	8	0	0	0	0	0	9	30	64	1	1200	1600	100	30	49	50	60	80	15	90	115	21	21	10	10	10	10	10	10
77	saturn_ghost	ghost	1	0	20	90	4450	-3	2	1	14	14	0	0	41	1	40	0	11	80	77	8	1200	1600	100	30	49	50	60	80	15	90	115	20	12	13	10	12	13	10	13
78	will_o_wisp	unseen_entity	1	1	10	70	43320	-8	4	4	14	14	0	0	0	0	95	0	11	0	0	9	1200	1600	100	30	49	50	60	80	15	90	115	20	12	13	10	12	13	10	13
79	porky	kid	1	7	10	70	3300	0	4	4	14	14	0	0	0	0	0	0	11	20	76	12	1200	1600	100	30	49	50	60	80	15	90	115	20	13	10	13	2	2	1	1
80	frost_giant	giant	1	3	51	7	41355	6	10	3	15	15	0	0	0	0	95	0	7	30	75	12	1600	2000	70	60	80	25	90	115	5	130	145	20	11	13	10	11	13	10	13
81	fire_dragon	dragon	1	3	12	84	16400	-1	6	4	15	15	0	0	0	0	0	0	13	0	0	6	1600	2000	70	60	80	25	90	115	5	130	145	20	13	10	90	8f	8e	3	3
82	high_priest	priest	1	2	11	77	6600	2	8	2	15	15	0	0	0	0	0	0	13	100	70	3	1600	2000	70	60	80	25	90	115	5	130	145	20	20	b6	b6	b6	b5	b5	b5
83	high_wizard	man_in_robes	1	2	12	36	5200	4	4	1	15	15	0	0	0	0	0	0	13	100	72	2	1600	2000	70	60	80	25	90	115	5	130	145	20	20	8e	90	90	93	92	90
84	master_thief	man_in_leather	1	2	12	60	4300	2	8	6	15	15	0	0	0	0	0	0	13	100	73	4	1600	2000	70	60	80	25	90	115	5	130	145	20	11	20	11	10	11	10	11
85	kamikaze	harakiri	1	3	12	36	3200	-1	8	9	15	15	8	0	0	0	0	0	15	100	74	1	1600	2000	70	60	80	25	90	115	5	130	145	21	21	10	10	10	10	10	10
86	vampire	unseen_entity	1	3	11	77	9800	-1	6	4	15	15	22	0	40	1	20	0	14	15	86	8	1600	2000	70	60	80	25	90	115	5	130	145	22	22	22	22	10	13	88	89
87	greater_demon	demon	1	5	11	77	44570	-3	10	4	15	15	a0	0	0	0	95	0	15	70	66	13	1600	2000	70	60	80	25	90	115	5	130	145	23	23	10	90	8f	8e	2	2
88	poison_giant	giant	1	3	81	0	41320	3	10	4	15	15	0	0	0	0	95	0	7	50	78	12	1600	2000	70	60	80	25	90	115	5	130	145	20	13	10	13	3	3	3	3
89	dragon_zombie	dragon	1	3	12	84	22870	-2	13	4	15	15	0	0	40	0	25	0	15	10	79	8	1600	2000	70	60	80	25	90	115	5	130	145	20	13	10	8e	8f	90	3	3
90	raver_lord	man_in_armor	1	0	15	135	22400	10	8	9	16	16	0	0	0	2	0	0	18	100	82	7	2000	3000	100	60	80	50	90	115	5	130	148	20	11	12	13	ac	90	8f	8e
91	the_high_master	conhead	1	0	15	45	19800	-2	10	9	16	16	8	0	0	0	0	0	18	100	85	1	2000	3000	100	90	115	4	130	148	1	130	149	21	21	21	21	21	21	10	10
92	flack	strange_animal	1	0	15	165	28000	-3	7	5	16	16	e8	0	0	0	0	0	25	100	77	7	2000	3000	100	90	115	4	130	148	1	130	149	21	21	10	10	3	3	3	3
93	arch_mage	man_in_robes	1	2	20	60	14800	0	4	1	16	16	0	0	0	0	0	0	16	100	83	2	2000	3000	100	60	80	50	90	115	5	130	148	20	20	8e	90	90	93	92	90
94	shadow_keeper	huge_insect	3	3	30	160	38800	-4	10	4	16	16	a0	0	0	0	95	0	14	40	94	11	2000	3000	100	60	80	50	90	115	5	130	148	23	23	23	23	23	10	10	10
95	elven_lord	elf	1	2	16	54	8888	2	10	7	16	16	a0	0	0	0	80	0	15	100	56	9	2000	3000	100	60	80	50	90	115	5	130	148	21	20	b3	90	b5	b8	94	96
96	storm_master	unseen_being	1	5	40	120	43200	0	4	4	16	16	0	0	0	0	50	0	15	60	89	9	2000	3000	100	60	80	50	90	115	5	130	148	13	b0	b3	b5	b5	b6	b8	b8
97	air_demon	demon	1	1	40	20	19000	-2	10	9	16	16	0	0	0	0	90	0	15	70	83	13	2000	3000	100	60	80	50	90	115	5	130	148	20	11	12	13	20	13	3	3
98	maelific	unseen_being	1	0	25	75	32000	-5	5	1	16	16	a3	0	0	3	50	0	18	100	88	8	2000	3000	100	90	115	4	130	148	1	130	149	22	22	10	13	90	90	96	96
99	vampire_lord	unseen_entity	1	0	20	140	44000	-5	4	1	17	17	24	0	40	4	0	0	42	100	86	8	2000	3000	100	90	115	4	130	148	1	130	149	22	22	22	22	92	92	92	93
100	Tycoon	man_in_kimono	1	1	30	90	49800	-6	60	10	17	17	0	0	0	0	80	0	24	60	85	1	2000	3000	100	90	115	4	130	148	1	130	149	21	21	21	21	21	21	10	10
101	Petit_Daemon	moppet	1	2	120	360	68000	-9	2	1	17	17	0	0	0	0	95	0	56	60	87	13	2000	3000	100	90	115	4	130	148	1	130	149	20	13	b5	b8	96	96	3	3
102	Demon_Lord	demon	1	0	30	420	88000	-4	10	4	17	17	a0	0	0	0	95	0	99	70	87	13	2000	3000	100	90	115	4	130	148	1	130	149	20	13	b8	b5	90	90	96	96
103	Nobunaga	noble_figure	1	0	200	200	149800	-49	27	50	17	17	e8	0	0	0	80	0	128	0	0	1	2000	3000	100	90	115	5	130	148	3	130	149	21	21	21	21	21	21	21	10
104	The_MAELIFIC	unseen_being	1	0	255	1600	160000	-10	40	10	18	18	a3	0	0	0	100	0	192	100	96	14	5000	5000	100	90	115	5	130	148	3	130	149	22	22	b8	b5	90	90	96	96
105	JOKER	unseen_being	1	0	6666	0	160000	-16	45	10	18	18	e8	0	0	0	100	0	666	0	0	14	5000	5000	100	90	115	5	130	148	3	130	149	20	20	20	20	3	3	3	3
106	KING_DRAGON	dragon	1	0	2222	0	160000	0	45	10	18	18	0	0	0	0	100	0	255	0	0	14	5000	5000	100	90	115	5	130	148	3	130	149	20	13	20	13	3	3	3	3
107	The_Beauty	beauty	1	0	2	300	142000	-28	1	1	18	18	7	0	0	0	100	0	88	0	0	14	5000	5000	100	90	115	5	130	148	3	130	149	22	22	22	b8	b5	96	96	96
108	DAEMON	daemon	1	0	180	180	99999	-7	1	1	18	18	e8	0	0	0	70	0	999	100	101	13	9999	0	0	0	0	0	0	0	0	0	0	21	21	10	10	b8	b5	96	96
120	TESTMAN	untestman	1	0	3300	0	100000	-40	1	1	10	10	0	0	0	0	0	0	7	0	0	0	1000	0	0	0	0	0	0	0	0	0	0	81	81	81	81	81	81	81	10
9999																																									
